0.377529234
0.400238842
0.478983521
0.516880631
0.559978127
0.647591174
0.719439447
0.728138328
0.762096941
0.775155962
0.852163136
0.908353388
0.931192756
0.966078043
0.987902582
0.998632967
1.005702972
1.064207673
1.074664116
1.1321733
1.140528679
1.161616325
1.187086582
1.198362827
1.265038371
1.295301795
1.30906415
1.316317201
1.317456484
1.328870416
1.330268264
1.354075313
1.370029211
1.384434342
1.392051101
1.400646091
1.417320371
1.435919881
1.460196137
1.462275028
1.497719288
1.499864101
1.54493022
1.555487394
1.570500255
1.582662106
1.595129013
1.600239277
1.616706729
1.620410323
1.665310621
1.676947355
1.683528423
1.708685279
1.71833086
1.720873117
1.765887737
1.796498895
1.813174605
1.822327137
1.83672452
1.846170306
1.897872329
1.952772379
1.968724489
1.993688822
2.001266956
2.077182293
2.082311153
2.123718262
2.181979656
2.198330879
2.307612896
2.316237688
2.357795238
2.372591734
2.391271353
2.436749458
2.461923122
2.485480785
2.546176195
2.57277441
2.685733318
2.763031244
2.814677715
2.882550478
3.002781153
3.237430096
3.404559612
3.42871356
3.683711767
3.763607025
3.892765045
3.980696678
4.050076962
4.260416508
4.329176903
4.398545742
4.45622015
5.043020725
5.350876331
5.408068657
5.612985611
5.74740696
6.273843288
6.346446991
6.390464306
6.526049137
6.563590527
7.713806152
7.914258003
8.099903107
8.974597931