6.540564
6.918783
7.091139
7.208394
6.420283
6.843533
7.283974
6.318401
6.544943
7.200531
6.974843
7.468096
6.183827
7.288092
7.578383
6.739353
7.431804
6.628104
7.336066
6.300688
6.293334
7.319901
7.027178
7.429266
6.25379
6.160533
6.847985
7.018447
6.591356
7.27903
6.390825
6.992567
6.767561
6.771216
6.300986
6.903091
7.191341
6.576395
7.236238
6.928619
6.756215
7.030751
6.60685
6.843582
6.625708
6.926293
6.53198
7.117627
6.726746
7.655693
7.115065
7.176018
7.238884
6.908818
6.863385
6.18028
6.614862
7.403936
7.488129
6.931985
7.153196
6.80684
7.357797
6.993684
7.078459
6.983512
7.400873
6.441935
7.329898
6.597831
6.38924
6.557566
6.811927
7.04179
7.449597
6.279549
6.529321
6.832846
6.376147
6.508041
6.911902
6.40634
6.226876
6.162617
6.900035
7.094875
6.688314
6.279343
6.081545
6.543352
6.609936
7.195631
6.149459
6.083053
6.237282
6.74002
6.262333
6.538338
4.634652
2.795275
4.191326
5.034554
3.481411
2.391668
4.50558
3.762027
3.141715
2.462304
4.934441
1.104243
2.36935
1.327027
0.614495