0.377529234
0.400238842
0.559978127
0.647591174
0.720933199
0.762096941
0.766709924
0.775155962
0.841328323
0.852163136
0.931192756
0.933757842
0.987902582
1.005702972
1.064207673
1.074664116
1.117762208
1.1321733
1.140528679
1.169294834
1.187086582
1.198362827
1.295301795
1.315488577
1.316317201
1.370029211
1.392051101
1.403846025
1.460196137
1.461676955
1.462275028
1.497719288
1.499864101
1.530448794
1.54493022
1.555487394
1.559777498
1.567451477
1.595129013
1.595974684
1.600239277
1.608094573
1.620410323
1.665310621
1.674332261
1.680450082
1.720873117
1.765887737
1.796498895
1.822327137
1.862444401
1.863723397
1.892668962
1.968724489
2.001913309
2.013178587
2.077182293
2.082311153
2.109542608
2.123718262
2.181979656
2.198330879
2.307612896
2.316237688
2.357795238
2.372591734
2.391271353
2.436749458
2.461923122
2.485480785
2.546176195
2.570694685
2.57277441
2.598888874
2.685733318
2.763031244
2.814677715
3.002781153
3.152658701
3.222347975
3.237430096
3.404559612
3.42871356
3.683711767
3.763607025
4.235284805
4.260416508
4.329176903
4.398545742
4.45622015
5.043020725
5.350876331
5.612985611
5.74740696
6.273843288
6.346446991
6.390464306
6.526049137
6.563590527
7.914258003