8.841969
9.189917
9.838374
8.644909
9.03604
9.455506
9.30484
8.937049
9.559351
8.776898
9.016974
8.095367
9.695785
8.781854
9.5627
8.156287
9.268017
9.420403
8.92751
8.998711
9.675682
9.748357
8.801097
8.19205
8.497343
8.47507
9.407691
8.912785
9.201856
8.824537
8.813743
9.578762
9.333863
8.152958
8.961741
9.523249
8.112759
8.826475
9.364906
8.184825
8.565669
8.227265
8.488906
8.777187
9.923509
8.98015
8.476953
8.97936
9.398563
8.15616
8.703633
8.447813
8.753326
8.155318
8.408396
8.270647
8.145033
9.753838
8.694041
9.014303
8.410158
8.461303
9.979149
8.948083
8.41073
9.327315
8.940562
8.996709
9.239189
8.307945
8.289307
8.588642
8.55258
9.010765
9.262908
9.618857
9.350126
8.893108
9.212453
9.540693
8.718481
8.803914
9.196686
9.090992
7.365586
7.305087
7.047847
6.455796
6.675252
7.452773
6.978453
7.690392
7.139899
6.128604
6.301795
7.369224
7.019082
6.214278
6.976252
4.857528